2 0.743811 0.579464 0.025415 0.071540
2 0.989784 0.645094 0.019637 0.085020
1 0.650252 0.546721 0.051231 0.059062
1 0.400183 0.578875 0.044328 0.073221
1 0.238766 0.585800 0.047581 0.068161
1 0.296812 0.473976 0.022990 0.028061
1 0.575637 0.497467 0.036613 0.047539
1 0.340048 0.750081 0.077650 0.160353
1 0.340131 0.451850 0.019615 0.035018
1 0.868214 0.511817 0.051688 0.054742
1 0.989757 0.648789 0.019734 0.076967
1 0.021127 0.612930 0.041969 0.044803
1 0.029025 0.972937 0.057167 0.037646
3 0.339786 0.750341 0.076672 0.160154
