2 0.858037 0.594728 0.026863 0.057199
2 0.979897 0.599465 0.034304 0.066042
1 0.691904 0.632575 0.080071 0.095198
1 0.259776 0.529382 0.033796 0.047368
1 0.372132 0.465533 0.021780 0.033357
1 0.434984 0.526003 0.033413 0.049236
1 0.333181 0.487295 0.024780 0.043577
1 0.286316 0.479010 0.026714 0.032457
1 0.304513 0.438767 0.018371 0.024781
1 0.506730 0.418126 0.021221 0.040412
1 0.620071 0.442229 0.026759 0.028341
1 0.977500 0.601491 0.029618 0.058454
0 0.555432 0.429366 0.056393 0.081244
3 0.554924 0.429621 0.056328 0.079488
3 0.963074 0.744591 0.073064 0.155216
