2 0.752473 0.628434 0.012382 0.052690
2 0.746487 0.613653 0.023986 0.078582
1 0.806550 0.718058 0.108937 0.135953
1 0.626983 0.582130 0.057661 0.066808
1 0.427539 0.499570 0.027453 0.037389
1 0.489262 0.606610 0.065454 0.115200
1 0.546847 0.505680 0.036104 0.055299
1 0.504324 0.420688 0.014362 0.019519
1 0.507014 0.481324 0.024015 0.034754
1 0.619735 0.469178 0.018629 0.018066
1 0.519820 0.465060 0.022383 0.027143
1 0.021168 0.611606 0.041947 0.042027
1 0.871710 0.596458 0.057463 0.067319
1 0.459007 0.439569 0.017599 0.023823
1 0.390586 0.425875 0.014081 0.020673
1 0.367966 0.421140 0.015547 0.021168
1 0.389514 0.423338 0.015277 0.024725
0 0.561139 0.459190 0.037316 0.048503
3 0.861937 0.540526 0.229183 0.219021
3 0.203476 0.626353 0.087127 0.185176
3 0.121536 0.776226 0.241642 0.404536
3 0.565521 0.459223 0.027962 0.047584
3 0.336215 0.462526 0.032015 0.073759
3 0.908661 0.567169 0.135111 0.170500
