2 0.743901 0.604356 0.022546 0.077690
1 0.868125 0.767090 0.156459 0.183265
1 0.264037 0.773237 0.073595 0.131432
1 0.634853 0.480906 0.030816 0.031008
1 0.694027 0.516160 0.046018 0.041513
1 0.567331 0.453396 0.023296 0.025852
1 0.389725 0.424596 0.018493 0.026552
1 0.551053 0.490928 0.012802 0.041522
1 0.872523 0.607730 0.061368 0.120827
1 0.517607 0.451827 0.028125 0.037169
1 0.020710 0.613017 0.041148 0.045413
1 0.343208 0.525544 0.046055 0.086333
1 0.795601 0.593009 0.058554 0.069019
3 0.343096 0.525415 0.046401 0.087256
3 0.518382 0.437984 0.029789 0.063259
3 0.872242 0.607108 0.059346 0.119165
3 0.285504 0.473254 0.045680 0.106458
3 0.880847 0.608339 0.083293 0.122764
3 0.349096 0.454543 0.033309 0.051826
