2 0.175185 0.658594 0.018941 0.085552
2 0.198274 0.579123 0.031890 0.061140
1 0.262888 0.561386 0.037629 0.055515
1 0.407722 0.464425 0.021222 0.034061
1 0.332779 0.531179 0.033801 0.071472
1 0.633697 0.581348 0.060799 0.081966
1 0.020938 0.612495 0.041580 0.044544
1 0.522990 0.490715 0.031499 0.045356
1 0.834839 0.513763 0.061937 0.052589
1 0.817144 0.513755 0.026233 0.041272
1 0.834735 0.497751 0.062477 0.085749
1 0.326436 0.434300 0.015525 0.029732
3 0.332833 0.530617 0.034198 0.071980
3 0.634562 0.581940 0.061330 0.080002
