2 0.206046 0.854416 0.035065 0.156497
2 0.202788 0.899283 0.026539 0.073543
1 0.954638 0.818935 0.089673 0.192374
1 0.445712 0.548667 0.041384 0.055701
1 0.431678 0.884350 0.103763 0.132249
1 0.806867 0.579919 0.084436 0.092698
1 0.557146 0.452654 0.027803 0.036196
1 0.618066 0.564082 0.052217 0.067515
1 0.527342 0.669124 0.085055 0.142235
1 0.006059 0.849357 0.011885 0.071086
1 0.379779 0.430128 0.017588 0.025154
1 0.872537 0.534347 0.021892 0.033473
1 0.012654 0.602645 0.025126 0.040170
0 0.240442 0.445507 0.046117 0.086335
3 0.240727 0.446684 0.047601 0.088929
3 0.526900 0.668799 0.085002 0.141641
3 0.282138 0.452906 0.040553 0.079062
