2 0.734717 0.602060 0.024544 0.078192
1 0.733959 0.522501 0.050570 0.043538
1 0.351431 0.709340 0.058571 0.109670
1 0.833463 0.573984 0.074994 0.074070
1 0.289676 0.571808 0.036692 0.057634
1 0.986479 0.631726 0.026163 0.067474
1 0.355159 0.475794 0.032467 0.056518
1 0.614823 0.472474 0.015431 0.030393
1 0.020427 0.612565 0.040515 0.044519
1 0.607504 0.470808 0.031396 0.036307
1 0.515414 0.424681 0.017245 0.035437
1 0.576712 0.487287 0.036256 0.054197
1 0.851490 0.585440 0.040616 0.050282
3 0.189795 0.835838 0.165172 0.270229
3 0.301892 0.447345 0.038020 0.078422
3 0.555724 0.455372 0.069777 0.110116
