2 0.217733 0.581357 0.017755 0.078038
1 0.116446 0.825384 0.115959 0.154557
1 0.889806 0.787301 0.156017 0.180931
1 0.275729 0.523404 0.028864 0.041763
1 0.457077 0.905443 0.109289 0.110833
1 0.545468 0.476497 0.028498 0.035741
1 0.591722 0.546523 0.044780 0.063717
1 0.335904 0.491797 0.026364 0.058355
1 0.020125 0.611890 0.039902 0.043807
1 0.397901 0.446273 0.017689 0.024187
1 0.511566 0.455874 0.021872 0.028983
1 0.819258 0.513479 0.023358 0.036050
1 0.839461 0.513196 0.063104 0.048630
3 0.335627 0.492990 0.026670 0.057351
3 0.482855 0.401926 0.029947 0.049128
