2 0.143348 0.697790 0.023770 0.095576
1 0.707856 0.650282 0.077314 0.096780
1 0.750454 0.527553 0.048759 0.046495
1 0.524308 0.494964 0.031348 0.038309
1 0.576945 0.470014 0.034270 0.043035
1 0.359728 0.786800 0.080023 0.138180
1 0.296616 0.466327 0.030748 0.035127
1 0.400731 0.519137 0.029776 0.045291
1 0.830827 0.514902 0.061992 0.051195
1 0.816652 0.514832 0.036872 0.043821
1 0.297190 0.457509 0.032134 0.049364
1 0.490347 0.469569 0.020168 0.024641
1 0.020191 0.612278 0.040093 0.043530
1 0.372316 0.478325 0.030201 0.037969
1 0.848217 0.519506 0.025779 0.041187
3 0.371931 0.464437 0.030646 0.064175
