2 0.781733 0.533767 0.020395 0.065813
1 0.295588 0.450786 0.019585 0.027558
1 0.333302 0.451527 0.020544 0.031557
1 0.402128 0.461010 0.020063 0.030357
1 0.281225 0.481045 0.025085 0.033764
1 0.305755 0.419427 0.015193 0.019382
1 0.520403 0.420464 0.024086 0.043175
1 0.540610 0.421982 0.021471 0.048384
1 0.367288 0.440253 0.017491 0.029539
1 0.282514 0.473923 0.024004 0.045787
1 0.298275 0.449732 0.020487 0.033787
1 0.608525 0.459477 0.033316 0.055357
3 0.587852 0.433834 0.074546 0.082919
3 0.571028 0.431130 0.041531 0.076859
3 0.541636 0.420693 0.024369 0.049067
