2 0.030360 0.879893 0.039249 0.154150
2 0.029934 0.897883 0.040525 0.118904
1 0.400440 0.579661 0.042158 0.063465
1 0.576340 0.539227 0.040545 0.052181
1 0.685740 0.498590 0.037272 0.040326
1 0.544177 0.449643 0.028689 0.038681
1 0.289659 0.472354 0.039153 0.058804
1 0.295149 0.449455 0.027148 0.036585
1 0.841078 0.517738 0.063596 0.048540
1 0.328101 0.427631 0.018804 0.036572
1 0.857705 0.517889 0.031554 0.047281
1 0.327063 0.432199 0.017125 0.029391
1 0.020024 0.612459 0.039770 0.043743
3 0.373691 0.478172 0.035801 0.085105
