2 0.759008 0.623660 0.025887 0.074541
2 0.762444 0.630949 0.019883 0.065827
2 0.755306 0.622586 0.017935 0.072539
1 0.834475 0.742312 0.118777 0.142917
1 0.482701 0.598848 0.063581 0.107495
1 0.639392 0.592034 0.058736 0.070844
1 0.551401 0.512101 0.039264 0.054257
1 0.426021 0.496708 0.025325 0.037825
1 0.021823 0.612997 0.043223 0.043529
1 0.621139 0.465035 0.026324 0.030903
1 0.336587 0.461186 0.030329 0.071098
1 0.383527 0.419812 0.012108 0.025630
1 0.368957 0.415134 0.024241 0.028014
1 0.875507 0.600150 0.049512 0.067411
1 0.388464 0.424170 0.017116 0.023071
0 0.336833 0.459843 0.031601 0.073201
3 0.870223 0.536904 0.232830 0.244482
3 0.336444 0.458797 0.030280 0.073156
3 0.208022 0.597296 0.081440 0.134004
3 0.567569 0.457296 0.028708 0.047563
