2 0.756713 0.597510 0.022872 0.075120
1 0.200204 0.712312 0.084363 0.116086
1 0.609597 0.478354 0.035226 0.034604
1 0.612402 0.479368 0.027266 0.031286
1 0.797546 0.555157 0.059237 0.063848
1 0.418664 0.506565 0.032913 0.069798
1 0.362766 0.422627 0.019824 0.042041
1 0.344394 0.475423 0.021476 0.030553
1 0.020598 0.612474 0.040989 0.043354
1 0.528337 0.465356 0.029375 0.034403
0 0.402248 0.598352 0.054237 0.149008
0 0.309813 0.522703 0.053399 0.125229
0 0.320122 0.414654 0.024718 0.046391
0 0.510272 0.440762 0.065404 0.082201
3 0.401547 0.599697 0.052569 0.147091
3 0.309941 0.524327 0.053665 0.123764
3 0.418290 0.507213 0.032829 0.068255
