2 0.096025 0.791726 0.026883 0.124658
2 0.167241 0.625562 0.041381 0.074747
1 0.237219 0.625036 0.045927 0.071282
1 0.424227 0.501239 0.026606 0.039153
1 0.545866 0.510485 0.036636 0.051190
1 0.327025 0.448690 0.018134 0.026556
1 0.327664 0.596664 0.046107 0.097645
1 0.020353 0.612005 0.040272 0.043271
1 0.361217 0.405998 0.017483 0.029773
1 0.939801 0.745705 0.120103 0.138062
0 0.327638 0.597026 0.048016 0.097357
3 0.327725 0.596386 0.047193 0.098410
3 0.869288 0.624255 0.259014 0.396915
3 0.939637 0.748194 0.119514 0.142787
